5.187 9.163 1.00
5.485 8.490 1.00
3.403 6.848 1.00
3.769 6.780 1.00
2.213 4.245 1.00
2.232 5.905 1.00
1.261 3.114 1.00
1.022 5.505 1.00
-2.069 6.699 1.00
-3.408 3.424 1.00
-6.261 2.200 1.00
-7.258 -0.860 1.00
-6.831 -2.520 1.00
-9.332 -0.047 1.00
-7.021 2.709 1.00
-4.111 0.980 1.00
-5.941 0.944 1.00
-7.047 4.475 1.00
-3.573 6.019 1.00
-2.590 3.751 1.00
-5.680 5.122 1.00
-4.631 8.741 1.00
-1.004 8.212 1.00
-1.859 5.871 1.00
-4.860 8.158 1.00
-7.062 5.095 1.00
-10.643 5.529 1.00
-13.519 5.972 1.00
-14.409 2.279 1.00
-10.903 1.222 1.00
-11.796 -2.357 1.00
-8.877 -2.011 1.00
-8.335 -5.792 1.00
-5.125 -7.305 1.00
-6.886 -8.018 1.00
-8.058 -4.401 1.00
-4.966 -2.697 1.00
-3.046 -4.821 1.00
-5.500 -4.130 1.00
-4.412 -0.556 1.00
-0.625 -1.076 1.00
-0.794 -3.226 1.00
-3.210 -0.729 1.00
-3.775 2.630 1.00
-0.949 3.912 1.00
1.808 5.755 1.00
5.402 4.559 1.00
8.134 4.685 1.00
6.298 4.775 1.00
7.770 4.857 1.00
6.210 2.976 1.00
7.743 4.505 1.00
6.072 2.099 1.00
6.607 3.371 1.00
5.709 1.264 1.00
5.228 -1.949 1.00
4.768 -4.576 1.00
2.942 -1.899 1.00
0.560 -1.473 1.00
0.342 -5.266 1.00
-1.020 -6.264 1.00
-3.820 -3.661 1.00
-5.309 -5.376 1.00
-4.227 -9.035 1.00
-2.761 -9.802 1.00
-3.330 -6.177 1.00
-0.071 -4.590 1.00
1.851 -7.769 1.00
-0.585 -8.417 1.00
-0.662 -4.984 1.00
3.134 -5.002 1.00
3.138 -8.419 1.00
1.162 -6.774 1.00
3.529 -3.773 1.00
6.610 -6.018 1.00
4.838 -8.482 1.00
3.857 -5.591 1.00
7.464 -4.462 1.00
8.204 -7.933 1.00
5.829 -7.425 1.00
8.421 -4.973 1.00
6.888 -1.905 1.00
9.298 0.444 1.00
7.720 0.652 1.00
10.748 1.400 1.00
9.654 -0.602 1.00
10.982 1.287 1.00
10.348 -0.662 1.00
11.308 1.435 1.00
